2101
2100
2000
2102
2001
2002
2003
2103
20100
20001
22000
9000000
20002
9010001
9010000
21000
12000
12100
12101
10000
11000
11100
1012000
1010100
1012003
9010002
1012101
1012002
1012004
1011000
1011001
1011100
1052004
1052005
1012103
1012104
1012105
1012102
1012005
1012009
1012100
1012006
1012007
1012008
1061009
1032000
1032002
1032100
1032101
1032003
1032006
9010003
1032005
1022101
1031000
1031001
1031100
1032001
1032004
1043000
1043001
1032102
1032007
1032008
1032009
1072001
1061004
1020000
1022001
1022002
1022003
1022004
1022005
1021000
1021001
1021100
1022100
1022000
1072000
1072003
1052002
9000008
1052102
1052012
1052000
1052016
1052017
9020000
1052103
1051000
1051001
1051002
1052001
1052100
1052101
1052003
1052006
1052007
9020001
9020002
1052011
1052008
1052009
1052010
9000007
1002000
20000
1002001
1002100
9000001
9000009
1002002
1002003
1002004
1002005
1002006
1001000
1001001
1001100
1061000
1061005
1061006
1061008
1061007
1063000
1063001
1063002
1061100
1061002
1061003
1061001
1040001
1072002
1040000
1072006
1072005
1072004
1072007
1061010
9000006
9000005
9000004
9000003
9000002
9000010
9000012
1081100
1081000
1081001
1081101
1081102
9900000
9900001
1052013
1052014
1052015
2010000
2012012
9000011
2012003
2012004
2012005
2012011
2012000
2012006
2012001
2012002
2012013
2041001
2012010
2010003
2010004
2010002
2012009
2010001
2012007
2012008
2032001
2032000
2030002
2012014
2030012
2030005
2012015
2001000
2001001
2001002
2002000
2002001
2001003
2002002
2001004
2020007
2020006
2020003
2020008
2020011
2020010
2020009
2020000
2020002
2020004
2020005
2020001
2022000
2022001
2030003
2030000
2030009
2030006
2030004
2030007
2030008
2030001
2041008
2040014
9000013
2041004
2040020
2040021
2041005
2041014
9010004
9000014
2040016
2041003
2041002
2041006
2041010
2040019
2041007
2041009
2041013
2040000
2041000
2040015
2040022
2051000
2050004
2050003
2050000
2050005
2050001
2040027
2040013
2040011
2040012
2040003
2040010
2040026
2040009
2040006
2040025
2040007
2040008
2040005
2040023
2040004
2040001
2040002
2040024
2041011
2041012
2050006
2040017
2050007
2040018
2050002
2032002
2030010
2032003
2030011
9110008
9110001
9110003
9110004
9110005
9110006
9110007
9110002
9110015